107 0.961036
1684 0.675595
3437 0.472231
1912 0.458591
1085 0.29803
0 0.292612
698 0.230661
567 0.192621
58 0.16872
428 0.128618
563 0.12556
860 0.115652
414 0.095267
1577 0.079569
348 0.075996
1718 0.074686
686 0.059444
594 0.057606
136 0.053741
3980 0.04964
1465 0.049144
171 0.030985
862 0.023496
483 0.020617
2543 0.015209
3830 0.012874
376 0.012391
1666 0.01235
1420 0.012113
1534 0.011897
713 0.010028
475 0.009997
1405 0.008194
828 0.007926
1505 0.007564
745 0.007272
173 0.007262
34 0.007204
719 0.006566
2347 0.0064
1165 0.006322
805 0.006105
484 0.005797
747 0.00543
1171 0.005024
830 0.004743
703 0.00456
353 0.004281
1361 0.003996
697 0.003929
596 0.003832
823 0.00377
3756 0.003713
389 0.003633
526 0.00359
566 0.003575
1941 0.003454
4031 0.00342
2266 0.003416
1642 0.003365
517 0.003347
198 0.003326
3877 0.003294
651 0.003183
3684 0.00317
119 0.003046
637 0.003036
1656 0.00301
2047 0.002952
363 0.002905
580 0.002882
1419 0.002857
2007 0.002846
2542 0.002714
3495 0.002708
3561 0.002651
1758 0.002615
3633 0.002612
538 0.002569
803 0.002534
2468 0.002426
3851 0.002372
366 0.002352
3456 0.002327
3948 0.002305
3677 0.002282
990 0.002225
1352 0.002222
1663 0.0022
810 0.002175
56 0.00217
2289 0.00217
800 0.002136
2133 0.002026
819 0.002021
2189 0.002006
606 0.001994
774 0.001975
322 0.001927
1173 0.001885
21 0.001876
2268 0.001866
1126 0.001834
67 0.001824
3861 0.001814
1687 0.001813
1726 0.001735
412 0.001735
1621 0.001725
373 0.001716
1835 0.001642
2117 0.001599
3674 0.001589
1376 0.001582
3173 0.00156
3577 0.001522
925 0.001513
1553 0.00151
3592 0.001493
122 0.001492
419 0.001486
798 0.001484
3525 0.001468
916 0.001433
1074 0.001417
420 0.001398
3454 0.001384
1317 0.001373
1954 0.001362
1536 0.00136
553 0.001341
1450 0.001336
315 0.001314
840 0.001268
1029 0.001263
1522 0.001261
1483 0.001261
460 0.001242
708 0.001222
3501 0.00122
1086 0.001207
1289 0.001188
395 0.001181
304 0.001178
3440 0.001177
2199 0.001167
609 0.00116
2143 0.001133
497 0.00113
1593 0.001107
1688 0.0011
2642 0.001095
1847 0.001085
2283 0.001082
1193 0.001075
3962 0.001075
1334 0.00107
641 0.001069
1098 0.001068
1070 0.001066
2038 0.001056
1136 0.001043
1509 0.001016
1926 0.001005
856 0.001
285 0.000998
3989 0.000977
3797 0.000976
3540 0.000975
513 0.000964
772 0.000944
213 0.000936
3750 0.000928
1537 0.000916
2081 0.00091
2384 0.000899
1617 0.000896
3721 0.000889
2512 0.000881
3550 0.000877
1338 0.000872
3872 0.000869
3651 0.000868
601 0.000854
1540 0.000844
3886 0.00084
1702 0.000832
391 0.000825
2111 0.000825
500 0.000819
169 0.000804
422 0.000771
908 0.000771
525 0.00077
921 0.000764
3556 0.000739
857 0.000738
2054 0.000725
804 0.000724
2176 0.000716
3692 0.000716
3101 0.000715
324 0.000714
370 0.000697
2328 0.000688
465 0.000669
339 0.000655
1590 0.000651
561 0.000645
456 0.00064
590 0.000622
2333 0.000622
1806 0.000616
917 0.000613
1369 0.000604
3263 0.000592
2292 0.00059
2128 0.000586
1178 0.000585
3943 0.000583
559 0.00058
374 0.000579
400 0.00057
542 0.000563
1360 0.000553
1518 0.000551
2325 0.00055
3487 0.000549
1312 0.000549
1555 0.000549
2302 0.000533
1574 0.000532
1584 0.000528
1523 0.000527
2247 0.000517
2869 0.000516
2072 0.000512
436 0.0005
2336 0.000494
2510 0.000488
492 0.000488
1217 0.000486
1028 0.000482
1549 0.00048
2031 0.000476
2498 0.000475
402 0.000469
1274 0.000468
531 0.000465
2327 0.000463
2511 0.000455
423 0.000445
2419 0.000444
2472 0.000443
2102 0.000439
2032 0.000433
2598 0.000432
1782 0.000432
360 0.000431
2398 0.00043
2132 0.000429
431 0.000429
1513 0.000429
461 0.000423
2068 0.000422
1182 0.000422
387 0.000416
2282 0.000412
1109 0.000411
1545 0.00041
2509 0.000402
2174 0.0004
1909 0.000394
520 0.000394
1825 0.000393
503 0.000389
1226 0.000387
2491 0.000383
1358 0.000383
1783 0.000378
504 0.000377
1237 0.00037
1911 0.000369
1327 0.000365
308 0.000356
3723 0.000354
1945 0.00035
1863 0.000349
2451 0.000349
524 0.000344
2617 0.000343
463 0.000341
7 0.000341
3385 0.000332
156 0.000331
1618 0.000326
3741 0.000325
1197 0.000325
2087 0.000321
2629 0.000321
80 0.000319
515 0.000317
2417 0.000317
417 0.000314
1077 0.000311
507 0.000309
1431 0.000308
2368 0.000308
1800 0.000306
439 0.000301
2026 0.000301
2071 0.000301
2399 0.0003
1511 0.000297
455 0.000295
3111 0.000294
2223 0.000293
1307 0.000287
2250 0.000286
604 0.000285
146 0.000283
2501 0.000282
2461 0.000281
1846 0.000277
3258 0.000276
1425 0.000274
2344 0.000273
1730 0.000273
1485 0.000271
645 0.00027
2319 0.000269
930 0.000269
2313 0.000268
2138 0.000268
1985 0.000265
438 0.00026
2471 0.000259
1088 0.000259
2153 0.000258
1626 0.000257
3961 0.000256
3609 0.000254
2203 0.000252
1866 0.000252
2127 0.00025
397 0.000248
1947 0.000244
506 0.000243
388 0.000239
3020 0.000237
1888 0.000237
1620 0.000235
2116 0.000232
1458 0.000231
1320 0.00023
2187 0.00023
3265 0.000229
2233 0.000228
2951 0.000228
432 0.000226
1013 0.000226
1768 0.000224
452 0.000224
378 0.000222
591 0.000222
1408 0.000221
951 0.000217
1964 0.000216
434 0.000216
3019 0.000216
2394 0.000214
1959 0.000213
683 0.000212
1692 0.000211
2529 0.000211
2183 0.00021
2294 0.00021
2279 0.000209
2458 0.000208
1328 0.000206
1939 0.000205
269 0.000204
1972 0.000202
1813 0.000202
1128 0.000201
2224 0.000198
2730 0.000198
769 0.000198
915 0.000197
1494 0.000195
3248 0.000194
2616 0.000194
2389 0.000194
1604 0.000193
1440 0.000192
2594 0.000191
408 0.000191
150 0.00019
2155 0.00019
2062 0.000189
103 0.000188
546 0.000188
404 0.000188
544 0.000188
2863 0.000188
3100 0.000187
1435 0.000186
2649 0.000186
3406 0.000185
2042 0.000183
2264 0.000181
2142 0.00018
2364 0.000179
556 0.000179
896 0.000178
1277 0.000177
962 0.000175
1883 0.000174
1973 0.000173
1745 0.000173
1622 0.000172
2533 0.000172
1114 0.000171
1612 0.000171
3154 0.00017
946 0.00017
1827 0.000168
1995 0.000166
1238 0.000165
405 0.000165
2475 0.000165
1210 0.000164
2171 0.000163
2724 0.000161
392 0.000161
527 0.00016
2508 0.000159
3397 0.000158
472 0.000158
1761 0.000157
1472 0.000157
1951 0.000157
416 0.000156
2547 0.000156
1808 0.000156
2003 0.000155
350 0.000155
3291 0.000155
1487 0.000155
2608 0.000153
457 0.000152
514 0.000151
427 0.00015
516 0.00015
1852 0.00015
554 0.00015
1377 0.000149
2284 0.000147
1480 0.000146
2267 0.000146
1567 0.000145
2592 0.000144
1598 0.000143
369 0.000143
1104 0.000142
2463 0.000141
1778 0.000141
1746 0.000141
469 0.000141
2643 0.000137
1199 0.000136
3604 0.000136
2385 0.000136
2597 0.000134
1374 0.000133
1446 0.000132
2001 0.000132
629 0.000131
545 0.000131
2538 0.000131
1473 0.000131
2640 0.000129
2254 0.000129
1780 0.000129
1025 0.000129
2149 0.000128
1421 0.000128
1769 0.000128
3090 0.000127
1329 0.000126
1630 0.000126
3280 0.000126
510 0.000126
2716 0.000125
2180 0.000125
3302 0.000125
508 0.000125
1204 0.000124
1955 0.000124
537 0.000124
3320 0.000123
2459 0.000121
1948 0.000121
2588 0.000121
2555 0.000121
2039 0.000119
415 0.000119
634 0.000119
2018 0.000118
1591 0.000118
1146 0.000118
2004 0.000118
2225 0.000117
2502 0.000117
3233 0.000115
2839 0.000115
1179 0.000115
2754 0.000115
2567 0.000115
1998 0.000113
1705 0.000113
1991 0.000113
2024 0.000111
1196 0.000111
3186 0.000111
2647 0.000111
649 0.000111
2101 0.00011
630 0.000109
1794 0.000109
1528 0.000109
3051 0.000109
3366 0.000108
444 0.000108
1471 0.000108
25 0.000108
1512 0.000107
2053 0.000107
3363 0.000107
1559 0.000106
1175 0.000106
2526 0.000106
1588 0.000105
3426 0.000105
1235 0.000105
1916 0.000105
473 0.000104
3002 0.000104
1740 0.000103
3521 0.000103
1467 0.000103
479 0.000103
1221 0.000103
1014 0.000103
1836 0.000103
3596 0.000103
2324 0.000102
3168 0.000102
3201 0.000102
1410 0.000102
1427 0.000101
357 0.000101
3330 0.0001
3140 0.0001
1390 9.9e-05
3198 9.9e-05
3256 9.9e-05
1589 9.9e-05
2125 9.8e-05
1187 9.8e-05
1367 9.8e-05
1078 9.8e-05
1192 9.7e-05
3214 9.7e-05
2447 9.6e-05
2560 9.5e-05
2589 9.5e-05
3082 9.5e-05
1976 9.5e-05
3117 9.4e-05
1844 9.4e-05
1399 9.4e-05
2742 9.4e-05
1881 9.3e-05
87 9.3e-05
3162 9.2e-05
2946 9.1e-05
1803 9.1e-05
3179 9.1e-05
1475 9.1e-05
471 9e-05
1222 9e-05
3304 9e-05
120 8.9e-05
3136 8.9e-05
1305 8.9e-05
2583 8.9e-05
1313 8.9e-05
1804 8.8e-05
1049 8.8e-05
518 8.8e-05
3545 8.7e-05
2144 8.7e-05
523 8.6e-05
2194 8.6e-05
2378 8.6e-05
993 8.5e-05
953 8.5e-05
2494 8.4e-05
1674 8.4e-05
1124 8.3e-05
2436 8.3e-05
3331 8.3e-05
2246 8.2e-05
1613 8.2e-05
2904 8.2e-05
646 8.2e-05
1391 8.2e-05
1932 8.1e-05
1786 8.1e-05
1343 8.1e-05
2659 8.1e-05
2445 8.1e-05
2278 8.1e-05
496 8.1e-05
1920 8.1e-05
451 8.1e-05
3005 8e-05
2009 8e-05
3011 8e-05
1075 8e-05
1255 8e-05
1833 7.9e-05
2065 7.9e-05
967 7.9e-05
3274 7.9e-05
1080 7.9e-05
277 7.9e-05
1637 7.8e-05
1052 7.8e-05
3038 7.8e-05
3289 7.8e-05
2027 7.8e-05
246 7.6e-05
2343 7.6e-05
2148 7.6e-05
3116 7.6e-05
3938 7.6e-05
1155 7.6e-05
3027 7.6e-05
549 7.6e-05
2901 7.6e-05
1610 7.6e-05
3342 7.6e-05
1703 7.6e-05
2135 7.6e-05
2764 7.5e-05
2611 7.5e-05
3077 7.5e-05
3360 7.5e-05
2660 7.5e-05
2780 7.5e-05
1447 7.5e-05
1211 7.4e-05
995 7.4e-05
1557 7.4e-05
2778 7.4e-05
3386 7.3e-05
1861 7.3e-05
1373 7.3e-05
3150 7.3e-05
3097 7.2e-05
2636 7.2e-05
430 7.2e-05
1110 7.2e-05
1707 7.2e-05
1048 7.2e-05
3327 7.2e-05
1529 7.1e-05
480 7.1e-05
1300 7.1e-05
570 7.1e-05
1683 7.1e-05
1469 7.1e-05
705 7e-05
512 7e-05
678 7e-05
2738 7e-05
2229 7e-05
2748 7e-05
1714 7e-05
1791 6.9e-05
3152 6.9e-05
968 6.9e-05
2979 6.9e-05
3034 6.9e-05
2944 6.8e-05
3076 6.8e-05
1680 6.8e-05
3185 6.8e-05
2372 6.8e-05
3434 6.7e-05
2653 6.7e-05
1551 6.7e-05
2137 6.7e-05
2241 6.6e-05
1694 6.6e-05
2693 6.6e-05
2332 6.6e-05
2976 6.5e-05
2719 6.5e-05
1032 6.5e-05
2239 6.5e-05
3324 6.5e-05
1709 6.5e-05
1554 6.5e-05
776 6.4e-05
2377 6.4e-05
3017 6.4e-05
217 6.4e-05
1059 6.3e-05
482 6.3e-05
3107 6.3e-05
1017 6.3e-05
1828 6.3e-05
1899 6.3e-05
2793 6.3e-05
2126 6.3e-05
1725 6.2e-05
3072 6.2e-05
1148 6.2e-05
1893 6.2e-05
1839 6.2e-05
1897 6.1e-05
980 6.1e-05
2169 6.1e-05
2883 6e-05
1214 6e-05
1459 6e-05
1611 6e-05
1366 6e-05
3350 5.9e-05
1845 5.9e-05
2355 5.9e-05
493 5.9e-05
558 5.8e-05
1322 5.8e-05
2134 5.8e-05
2037 5.8e-05
1273 5.7e-05
1409 5.7e-05
2635 5.7e-05
2781 5.7e-05
1160 5.7e-05
1250 5.7e-05
1729 5.6e-05
2661 5.6e-05
1790 5.6e-05
1831 5.6e-05
1675 5.6e-05
3353 5.6e-05
1345 5.6e-05
1573 5.6e-05
3295 5.5e-05
407 5.5e-05
271 5.5e-05
2624 5.5e-05
2707 5.5e-05
2966 5.4e-05
1817 5.3e-05
1006 5.3e-05
1460 5.3e-05
3412 5.3e-05
1184 5.3e-05
2052 5.3e-05
1515 5.3e-05
3411 5.3e-05
3084 5.3e-05
1331 5.2e-05
3035 5.2e-05
1357 5.2e-05
2813 5.2e-05
2157 5.2e-05
3026 5.2e-05
913 5.1e-05
2337 5.1e-05
1736 5.1e-05
1983 5.1e-05
2309 5.1e-05
2163 5.1e-05
1661 5.1e-05
1272 5.1e-05
163 5.1e-05
3705 5.1e-05
3104 5e-05
2351 5e-05
1283 5e-05
2877 4.9e-05
2060 4.9e-05
2694 4.9e-05
3396 4.8e-05
1720 4.8e-05
3584 4.8e-05
639 4.8e-05
2232 4.8e-05
1639 4.7e-05
1876 4.7e-05
1717 4.7e-05
2002 4.7e-05
2915 4.7e-05
2734 4.7e-05
1871 4.7e-05
2786 4.7e-05
435 4.7e-05
3335 4.6e-05
927 4.6e-05
1894 4.6e-05
1330 4.6e-05
1166 4.6e-05
1864 4.6e-05
2881 4.6e-05
3232 4.6e-05
1583 4.6e-05
3087 4.5e-05
367 4.5e-05
978 4.5e-05
3253 4.5e-05
3680 4.5e-05
1697 4.5e-05
2571 4.5e-05
1569 4.5e-05
1600 4.5e-05
1867 4.5e-05
1488 4.5e-05
421 4.5e-05
3001 4.5e-05
2677 4.5e-05
534 4.5e-05
2084 4.5e-05
1256 4.4e-05
1001 4.4e-05
1799 4.4e-05
3365 4.4e-05
3062 4.4e-05
2683 4.4e-05
1076 4.4e-05
3321 4.3e-05
3345 4.3e-05
3060 4.3e-05
1158 4.3e-05
1275 4.3e-05
3442 4.2e-05
1966 4.2e-05
2530 4.2e-05
2890 4.2e-05
2992 4.2e-05
3672 4.2e-05
2215 4.2e-05
1437 4.2e-05
2665 4.2e-05
3079 4.2e-05
2410 4.2e-05
3918 4.1e-05
1159 4.1e-05
2298 4.1e-05
1191 4.1e-05
557 4.1e-05
2787 4.1e-05
3930 4.1e-05
1570 4.1e-05
3240 4e-05
669 4e-05
1107 4e-05
3838 4e-05
1189 4e-05
252 4e-05
960 4e-05
3793 4e-05
1519 4e-05
3299 4e-05
2968 4e-05
2056 3.9e-05
3403 3.9e-05
2999 3.9e-05
2729 3.9e-05
1902 3.9e-05
511 3.9e-05
459 3.9e-05
1662 3.9e-05
3245 3.9e-05
1520 3.9e-05
2679 3.9e-05
3278 3.9e-05
26 3.9e-05
2928 3.8e-05
1337 3.8e-05
3347 3.8e-05
1371 3.8e-05
1628 3.8e-05
2958 3.8e-05
3355 3.8e-05
2330 3.8e-05
2478 3.8e-05
272 3.8e-05
1807 3.8e-05
947 3.8e-05
2413 3.8e-05
2395 3.8e-05
1185 3.8e-05
1003 3.7e-05
2758 3.7e-05
3506 3.7e-05
1699 3.7e-05
1284 3.7e-05
239 3.7e-05
2322 3.7e-05
2782 3.7e-05
1066 3.7e-05
2235 3.7e-05
1117 3.6e-05
1793 3.6e-05
2191 3.6e-05
1750 3.6e-05
1502 3.6e-05
1614 3.6e-05
729 3.6e-05
1227 3.6e-05
2516 3.6e-05
464 3.6e-05
2300 3.6e-05
3387 3.6e-05
1993 3.5e-05
2610 3.5e-05
2894 3.5e-05
1970 3.5e-05
1770 3.5e-05
1132 3.5e-05
2669 3.5e-05
1742 3.5e-05
3404 3.5e-05
1393 3.5e-05
1886 3.5e-05
3758 3.5e-05
3178 3.5e-05
3145 3.5e-05
2950 3.5e-05
394 3.4e-05
2602 3.4e-05
1101 3.4e-05
1879 3.4e-05
2151 3.4e-05
1765 3.4e-05
1243 3.4e-05
2131 3.4e-05
897 3.4e-05
1041 3.4e-05
2345 3.4e-05
1823 3.4e-05
3593 3.3e-05
2964 3.3e-05
1516 3.3e-05
1010 3.3e-05
2927 3.3e-05
2040 3.3e-05
1122 3.3e-05
1456 3.3e-05
203 3.3e-05
1416 3.3e-05
3089 3.3e-05
9 3.3e-05
2150 3.3e-05
2956 3.3e-05
2936 3.3e-05
2145 3.3e-05
1349 3.3e-05
2093 3.2e-05
2550 3.2e-05
2376 3.2e-05
1449 3.2e-05
3113 3.2e-05
2069 3.2e-05
1757 3.2e-05
3078 3.2e-05
1671 3.2e-05
1332 3.2e-05
1479 3.2e-05
3054 3.2e-05
433 3.2e-05
2772 3.1e-05
1347 3.1e-05
1525 3.1e-05
2892 3.1e-05
3000 3.1e-05
2544 3.1e-05
3267 3.1e-05
2785 3.1e-05
824 3.1e-05
3049 3.1e-05
1563 3.1e-05
1940 3.1e-05
2865 3.1e-05
3369 3.1e-05
2986 3.1e-05
2943 3.1e-05
1261 3.1e-05
1153 3.1e-05
1645 3.1e-05
1429 3.1e-05
3172 3e-05
2210 3e-05
1259 3e-05
2913 3e-05
2604 3e-05
1496 3e-05
2668 3e-05
3362 3e-05
1669 3e-05
1269 3e-05
2361 3e-05
1603 3e-05
2960 3e-05
3351 3e-05
1561 3e-05
694 3e-05
3417 3e-05
3611 2.9e-05
2259 2.9e-05
2185 2.9e-05
2218 2.9e-05
2334 2.9e-05
1609 2.9e-05
3177 2.9e-05
1230 2.9e-05
1868 2.9e-05
2833 2.9e-05
2226 2.9e-05
2955 2.9e-05
1123 2.9e-05
1170 2.8e-05
3906 2.8e-05
3118 2.8e-05
1913 2.8e-05
941 2.8e-05
2909 2.8e-05
541 2.8e-05
1495 2.8e-05
1504 2.8e-05
1012 2.8e-05
1608 2.8e-05
2428 2.8e-05
2921 2.8e-05
2996 2.8e-05
982 2.8e-05
2582 2.8e-05
200 2.8e-05
543 2.8e-05
40 2.8e-05
3252 2.8e-05
3222 2.8e-05
688 2.7e-05
1767 2.7e-05
1436 2.7e-05
2107 2.7e-05
1290 2.7e-05
1882 2.7e-05
2989 2.7e-05
2841 2.7e-05
3182 2.7e-05
329 2.7e-05
3277 2.7e-05
1597 2.7e-05
3829 2.7e-05
781 2.7e-05
1311 2.7e-05
2962 2.7e-05
1665 2.7e-05
555 2.7e-05
1719 2.7e-05
1741 2.7e-05
2028 2.7e-05
2973 2.7e-05
1335 2.7e-05
2211 2.7e-05
924 2.7e-05
1246 2.7e-05
3344 2.7e-05
3115 2.7e-05
1923 2.6e-05
3361 2.6e-05
2078 2.6e-05
1858 2.6e-05
3586 2.6e-05
653 2.6e-05
1172 2.6e-05
2914 2.6e-05
3188 2.6e-05
1341 2.6e-05
1067 2.6e-05
1344 2.6e-05
2507 2.6e-05
1644 2.6e-05
1231 2.6e-05
3287 2.6e-05
3033 2.6e-05
189 2.6e-05
64 2.6e-05
2434 2.6e-05
2690 2.6e-05
1282 2.6e-05
2605 2.6e-05
3119 2.5e-05
2836 2.5e-05
1816 2.5e-05
1842 2.5e-05
2462 2.5e-05
3196 2.5e-05
2718 2.5e-05
3137 2.5e-05
2285 2.5e-05
1339 2.5e-05
3275 2.5e-05
592 2.5e-05
1024 2.5e-05
579 2.5e-05
3224 2.5e-05
954 2.5e-05
1491 2.5e-05
1083 2.5e-05
2293 2.5e-05
1543 2.5e-05
2429 2.4e-05
2206 2.4e-05
2806 2.4e-05
1744 2.4e-05
654 2.4e-05
2920 2.4e-05
170 2.4e-05
1685 2.4e-05
1689 2.4e-05
3205 2.4e-05
2825 2.4e-05
3617 2.4e-05
332 2.4e-05
3296 2.4e-05
991 2.4e-05
3319 2.4e-05
2910 2.4e-05
2676 2.4e-05
724 2.4e-05
2871 2.3e-05
2196 2.3e-05
1026 2.3e-05
1678 2.3e-05
1809 2.3e-05
2553 2.3e-05
2240 2.3e-05
3568 2.3e-05
3526 2.3e-05
1242 2.3e-05
2088 2.3e-05
2499 2.3e-05
1820 2.3e-05
3272 2.3e-05
2404 2.3e-05
2867 2.3e-05
1428 2.3e-05
2777 2.3e-05
3124 2.3e-05
584 2.2e-05
2906 2.2e-05
3132 2.2e-05
2540 2.2e-05
2706 2.2e-05
1727 2.2e-05
2810 2.2e-05
2757 2.2e-05
1851 2.2e-05
1943 2.2e-05
2763 2.2e-05
2242 2.2e-05
3346 2.2e-05
53 2.2e-05
3191 2.2e-05
1004 2.2e-05
1724 2.2e-05
3288 2.1e-05
481 2.1e-05
2198 2.1e-05
1576 2.1e-05
1872 2.1e-05
2925 2.1e-05
2603 2.1e-05
3971 2.1e-05
2172 2.1e-05
2711 2.1e-05
906 2.1e-05
1619 2.1e-05
1616 2.1e-05
2123 2.1e-05
1149 2.1e-05
3146 2.1e-05
1960 2.1e-05
1135 2.1e-05
560 2.1e-05
1787 2.1e-05
2937 2.1e-05
2812 2.1e-05
1156 2.1e-05
1215 2.1e-05
3348 2.1e-05
2916 2.1e-05
1448 2.1e-05
1975 2.1e-05
2103 2.1e-05
188 2.1e-05
2875 2.1e-05
1125 2.1e-05
2339 2.1e-05
280 2.1e-05
2715 2.1e-05
3825 2.1e-05
2391 2.1e-05
2828 2.1e-05
2095 2.1e-05
1236 2e-05
1258 2e-05
368 2e-05
2866 2e-05
2849 2e-05
3419 2e-05
1051 2e-05
618 2e-05
2751 2e-05
2800 2e-05
1636 2e-05
2369 2e-05
2551 2e-05
3204 2e-05
614 2e-05
1721 2e-05
2331 2e-05
2755 2e-05
3298 2e-05
3395 2e-05
2826 2e-05
1596 2e-05
2273 2e-05
680 2e-05
3056 2e-05
1668 2e-05
1650 2e-05
1752 2e-05
2919 2e-05
1129 2e-05
1037 2e-05
3966 2e-05
3261 2e-05
2590 2e-05
1810 2e-05
3378 2e-05
2129 2e-05
3025 2e-05
942 2e-05
2184 2e-05
973 2e-05
1304 1.9e-05
2575 1.9e-05
1019 1.9e-05
1453 1.9e-05
1020 1.9e-05
1843 1.9e-05
539 1.9e-05
2317 1.9e-05
1079 1.9e-05
3420 1.9e-05
1412 1.9e-05
1789 1.9e-05
3764 1.9e-05
3341 1.9e-05
3968 1.9e-05
2662 1.9e-05
3409 1.9e-05
2564 1.9e-05
957 1.9e-05
2607 1.9e-05
199 1.9e-05
1673 1.9e-05
3332 1.9e-05
1497 1.9e-05
1735 1.9e-05
3052 1.9e-05
3279 1.9e-05
620 1.9e-05
1548 1.9e-05
2664 1.9e-05
2775 1.9e-05
2873 1.9e-05
1819 1.9e-05
1785 1.9e-05
3184 1.9e-05
3529 1.9e-05
1223 1.9e-05
449 1.9e-05
825 1.9e-05
2397 1.9e-05
1722 1.8e-05
1482 1.8e-05
1571 1.8e-05
291 1.8e-05
2720 1.8e-05
3558 1.8e-05
2340 1.8e-05
3114 1.8e-05
1370 1.8e-05
2739 1.8e-05
3226 1.8e-05
2784 1.8e-05
3690 1.8e-05
1470 1.8e-05
2938 1.8e-05
1021 1.8e-05
2537 1.8e-05
3219 1.8e-05
1984 1.8e-05
3046 1.8e-05
3800 1.8e-05
3081 1.8e-05
3255 1.8e-05
2741 1.8e-05
827 1.8e-05
3455 1.8e-05
2236 1.8e-05
1444 1.8e-05
1860 1.8e-05
2412 1.8e-05
1547 1.8e-05
1779 1.8e-05
2438 1.8e-05
1423 1.8e-05
2244 1.8e-05
1205 1.8e-05
3945 1.8e-05
1303 1.7e-05
1910 1.7e-05
3448 1.7e-05
829 1.7e-05
1060 1.7e-05
3869 1.7e-05
2674 1.7e-05
359 1.7e-05
2073 1.7e-05
1712 1.7e-05
1291 1.7e-05
2188 1.7e-05
3902 1.7e-05
2932 1.7e-05
1359 1.7e-05
3211 1.7e-05
3842 1.7e-05
966 1.7e-05
1280 1.7e-05
2049 1.7e-05
2750 1.7e-05
1209 1.7e-05
2832 1.7e-05
2783 1.7e-05
2338 1.7e-05
3259 1.7e-05
728 1.7e-05
3010 1.7e-05
1106 1.7e-05
3195 1.7e-05
3464 1.7e-05
172 1.7e-05
3824 1.7e-05
1507 1.7e-05
1682 1.7e-05
1095 1.7e-05
2864 1.7e-05
1531 1.7e-05
3303 1.6e-05
125 1.6e-05
2433 1.6e-05
934 1.6e-05
2464 1.6e-05
3782 1.6e-05
2156 1.6e-05
932 1.6e-05
1850 1.6e-05
2600 1.6e-05
2414 1.6e-05
355 1.6e-05
1229 1.6e-05
3313 1.6e-05
2796 1.6e-05
186 1.6e-05
1849 1.6e-05
1754 1.6e-05
2822 1.6e-05
2173 1.6e-05
1605 1.6e-05
1857 1.6e-05
236 1.6e-05
2064 1.6e-05
1462 1.6e-05
3187 1.6e-05
2728 1.6e-05
820 1.6e-05
3022 1.6e-05
2387 1.6e-05
677 1.6e-05
3468 1.6e-05
1898 1.6e-05
3511 1.6e-05
1113 1.6e-05
313 1.6e-05
1267 1.6e-05
644 1.6e-05
3073 1.6e-05
2994 1.6e-05
2420 1.6e-05
323 1.6e-05
2506 1.6e-05
2675 1.6e-05
3734 1.6e-05
3203 1.6e-05
2231 1.5e-05
1054 1.5e-05
784 1.5e-05
2646 1.5e-05
1538 1.5e-05
3415 1.5e-05
202 1.5e-05
1917 1.5e-05
2085 1.5e-05
3737 1.5e-05
3221 1.5e-05
3553 1.5e-05
2827 1.5e-05
1716 1.5e-05
997 1.5e-05
2161 1.5e-05
3120 1.5e-05
1056 1.5e-05
2409 1.5e-05
2601 1.5e-05
3821 1.5e-05
3018 1.5e-05
1706 1.5e-05
1183 1.5e-05
2939 1.5e-05
2335 1.5e-05
3738 1.5e-05
2348 1.5e-05
589 1.5e-05
1824 1.5e-05
82 1.5e-05
2396 1.5e-05
1885 1.5e-05
2154 1.5e-05
2795 1.5e-05
1946 1.5e-05
1938 1.5e-05
564 1.5e-05
1302 1.5e-05
3106 1.4e-05
1068 1.4e-05
1962 1.4e-05
2200 1.4e-05
2988 1.4e-05
3207 1.4e-05
3629 1.4e-05
2220 1.4e-05
2488 1.4e-05
2518 1.4e-05
2411 1.4e-05
1011 1.4e-05
2063 1.4e-05
1826 1.4e-05
1686 1.4e-05
770 1.4e-05
2304 1.4e-05
2872 1.4e-05
2030 1.4e-05
1120 1.4e-05
1875 1.4e-05
1415 1.4e-05
2367 1.4e-05
3431 1.4e-05
1047 1.4e-05
1018 1.4e-05
815 1.4e-05
261 1.4e-05
2581 1.4e-05
994 1.4e-05
1774 1.4e-05
2713 1.4e-05
2271 1.4e-05
3057 1.4e-05
2615 1.4e-05
2745 1.4e-05
2759 1.4e-05
351 1.4e-05
849 1.4e-05
2561 1.4e-05
1971 1.4e-05
2029 1.4e-05
753 1.4e-05
3339 1.4e-05
23 1.4e-05
2425 1.4e-05
616 1.4e-05
1348 1.4e-05
3804 1.4e-05
1514 1.4e-05
2844 1.4e-05
1384 1.4e-05
2058 1.4e-05
2931 1.4e-05
1064 1.4e-05
1979 1.4e-05
2222 1.4e-05
2520 1.4e-05
2443 1.4e-05
3086 1.4e-05
2341 1.4e-05
98 1.4e-05
3900 1.3e-05
1565 1.3e-05
2118 1.3e-05
2905 1.3e-05
2768 1.3e-05
3449 1.3e-05
3927 1.3e-05
3722 1.3e-05
2969 1.3e-05
1623 1.3e-05
2392 1.3e-05
3926 1.3e-05
1837 1.3e-05
1660 1.3e-05
3810 1.3e-05
3576 1.3e-05
547 1.3e-05
1986 1.3e-05
3625 1.3e-05
1392 1.3e-05
3422 1.3e-05
312 1.3e-05
3790 1.3e-05
2201 1.3e-05
1009 1.3e-05
1324 1.3e-05
1677 1.3e-05
1245 1.3e-05
2326 1.3e-05
2342 1.3e-05
2862 1.3e-05
1818 1.3e-05
2228 1.3e-05
1632 1.3e-05
1743 1.3e-05
3016 1.3e-05
2473 1.2e-05
3098 1.2e-05
1580 1.2e-05
3394 1.2e-05
2840 1.2e-05
3508 1.2e-05
2315 1.2e-05
2091 1.2e-05
2121 1.2e-05
3149 1.2e-05
3148 1.2e-05
2854 1.2e-05
3794 1.2e-05
853 1.2e-05
1859 1.2e-05
2371 1.2e-05
2689 1.2e-05
2848 1.2e-05
961 1.2e-05
3605 1.2e-05
3036 1.2e-05
3612 1.2e-05
1715 1.2e-05
3096 1.2e-05
1163 1.2e-05
1296 1.2e-05
3215 1.2e-05
695 1.2e-05
1288 1.2e-05
2753 1.2e-05
1271 1.2e-05
2323 1.2e-05
3293 1.2e-05
3328 1.2e-05
2623 1.2e-05
2275 1.2e-05
548 1.2e-05
3924 1.2e-05
1667 1.2e-05
109 1.2e-05
1781 1.2e-05
1533 1.2e-05
494 1.2e-05
1130 1.2e-05
3433 1.2e-05
1585 1.2e-05
3174 1.1e-05
2059 1.1e-05
2803 1.1e-05
118 1.1e-05
487 1.1e-05
2536 1.1e-05
1350 1.1e-05
398 1.1e-05
1732 1.1e-05
2318 1.1e-05
1247 1.1e-05
1634 1.1e-05
3496 1.1e-05
2625 1.1e-05
2880 1.1e-05
2092 1.1e-05
2448 1.1e-05
2558 1.1e-05
1925 1.1e-05
2381 1.1e-05
346 1.1e-05
1643 1.1e-05
2329 1.1e-05
2500 1.1e-05
2090 1.1e-05
396 1.1e-05
3158 1.1e-05
2449 1.1e-05
1298 1.1e-05
1062 1.1e-05
2043 1.1e-05
2819 1.1e-05
948 1.1e-05
3460 1.1e-05
739 1.1e-05
963 1.1e-05
2853 1.1e-05
1426 1.1e-05
409 1.1e-05
1891 1.1e-05
1919 1.1e-05
2482 1.1e-05
2868 1.1e-05
3542 1.1e-05
1407 1.1e-05
2406 1.1e-05
48 1.1e-05
2743 1.1e-05
3628 1.1e-05
1994 1.1e-05
2112 1e-05
3075 1e-05
113 1e-05
3488 1e-05
2896 1e-05
1753 1e-05
2214 1e-05
3931 1e-05
1535 1e-05
1980 1e-05
142 1e-05
1388 1e-05
2492 1e-05
3779 1e-05
2666 1e-05
1795 1e-05
2243 1e-05
2702 1e-05
3731 1e-05
3410 1e-05
1530 1e-05
3466 1e-05
2698 1e-05
2940 1e-05
1207 1e-05
19 1e-05
462 1e-05
372 1e-05
1544 1e-05
2350 1e-05
2460 1e-05
2465 1e-05
3873 1e-05
3176 1e-05
2521 1e-05
1652 1e-05
446 1e-05
1413 1e-05
3231 1e-05
2630 1e-05
3947 1e-05
2593 1e-05
1318 1e-05
31 1e-05
2033 1e-05
1454 1e-05
3505 1e-05
2221 1e-05
1131 1e-05
999 1e-05
2104 1e-05
2440 1e-05
2366 1e-05
2354 1e-05
3212 1e-05
1595 1e-05
3225 1e-05
2139 1e-05
535 1e-05
2430 1e-05
2993 1e-05
1404 1e-05
2712 1e-05
2586 1e-05
158 1e-05
3070 1e-05
361 1e-05
3956 1e-05
1624 1e-05
3803 9e-06
1647 9e-06
1982 9e-06
3640 9e-06
1918 9e-06
2749 9e-06
2735 9e-06
2290 9e-06
2296 9e-06
41 9e-06
458 9e-06
2945 9e-06
2045 9e-06
2644 9e-06
1161 9e-06
3514 9e-06
1278 9e-06
2573 9e-06
3891 9e-06
2773 9e-06
2140 9e-06
617 9e-06
3555 9e-06
3080 9e-06
3559 9e-06
3475 9e-06
3836 9e-06
88 9e-06
1268 9e-06
3400 9e-06
4030 9e-06
1035 9e-06
2474 9e-06
3129 9e-06
4023 9e-06
1323 9e-06
2124 9e-06
842 9e-06
964 9e-06
2257 9e-06
3276 9e-06
2911 9e-06
2870 9e-06
2631 9e-06
2619 9e-06
944 9e-06
3702 9e-06
3719 9e-06
1040 9e-06
2207 9e-06
2667 9e-06
2295 9e-06
3223 9e-06
528 9e-06
3297 9e-06
1492 9e-06
3239 9e-06
3826 9e-06
3747 9e-06
2423 9e-06
1862 8e-06
2363 8e-06
1566 8e-06
320 8e-06
2546 8e-06
3534 8e-06
666 8e-06
2288 8e-06
2280 8e-06
3831 8e-06
3469 8e-06
1181 8e-06
766 8e-06
2818 8e-06
325 8e-06
1406 8e-06
3257 8e-06
3870 8e-06
2352 8e-06
1314 8e-06
1092 8e-06
1100 8e-06
3220 8e-06
1659 8e-06
2949 8e-06
2570 8e-06
2253 8e-06
3041 8e-06
2978 8e-06
1281 8e-06
3171 8e-06
3007 8e-06
1658 8e-06
1380 8e-06
2700 8e-06
2146 8e-06
1811 8e-06
334 8e-06
1772 8e-06
1309 8e-06
2147 8e-06
2152 8e-06
2874 8e-06
933 8e-06
834 8e-06
2504 8e-06
3381 8e-06
2680 8e-06
3329 8e-06
2299 8e-06
3247 8e-06
2190 8e-06
2807 8e-06
3284 8e-06
773 8e-06
3393 8e-06
718 8e-06
2672 8e-06
2276 8e-06
1921 8e-06
2762 8e-06
3206 8e-06
3693 8e-06
2655 8e-06
2618 8e-06
2696 7e-06
2991 7e-06
687 7e-06
1594 7e-06
1432 7e-06
734 7e-06
3610 7e-06
1988 7e-06
3950 7e-06
1385 7e-06
2923 7e-06
1691 7e-06
2287 7e-06
3307 7e-06
2446 7e-06
1375 7e-06
2984 7e-06
2725 7e-06
3590 7e-06
3377 7e-06
2165 7e-06
1265 7e-06
1477 7e-06
3085 7e-06
782 7e-06
1099 7e-06
2934 7e-06
2752 7e-06
1102 7e-06
1402 7e-06
1424 7e-06
2120 7e-06
1901 7e-06
1539 7e-06
2663 7e-06
1812 7e-06
3443 7e-06
2160 7e-06
2401 7e-06
342 7e-06
922 7e-06
3791 7e-06
3160 7e-06
3273 7e-06
3951 7e-06
936 7e-06
1212 7e-06
3213 7e-06
2924 7e-06
3260 7e-06
1451 7e-06
2365 7e-06
2856 7e-06
3373 7e-06
2379 7e-06
848 7e-06
2083 7e-06
2858 7e-06
1575 7e-06
2887 7e-06
1121 7e-06
2974 7e-06
1169 7e-06
3301 7e-06
1670 7e-06
2356 7e-06
2845 7e-06
1830 7e-06
2559 7e-06
1679 7e-06
242 7e-06
1294 7e-06
3004 7e-06
2686 7e-06
2557 7e-06
2929 7e-06
3064 7e-06
489 7e-06
1219 7e-06
3435 7e-06
1908 7e-06
115 7e-06
1008 7e-06
2497 7e-06
175 7e-06
2622 7e-06
1766 7e-06
1878 7e-06
1751 7e-06
727 7e-06
3234 7e-06
2637 7e-06
726 7e-06
1127 7e-06
635 7e-06
3416 7e-06
2416 7e-06
2912 6e-06
2005 6e-06
2578 6e-06
1646 6e-06
3573 6e-06
2374 6e-06
3907 6e-06
1396 6e-06
249 6e-06
905 6e-06
1177 6e-06
1464 6e-06
3768 6e-06
780 6e-06
818 6e-06
3841 6e-06
1142 6e-06
787 6e-06
1500 6e-06
1681 6e-06
2638 6e-06
1672 6e-06
2035 6e-06
2272 6e-06
3599 6e-06
3833 6e-06
3144 6e-06
3029 6e-06
3933 6e-06
3306 6e-06
1527 6e-06
1936 6e-06
3884 6e-06
3340 6e-06
1796 6e-06
1904 6e-06
1895 6e-06
3438 6e-06
3921 6e-06
2495 6e-06
2386 6e-06
573 6e-06
1578 6e-06
2480 6e-06
3264 6e-06
3909 6e-06
3499 6e-06
3383 6e-06
2023 6e-06
104 6e-06
3326 6e-06
3662 6e-06
3237 6e-06
797 6e-06
2260 6e-06
1526 6e-06
224 6e-06
2010 6e-06
2645 6e-06
3169 6e-06
1321 6e-06
3615 6e-06
3711 6e-06
3822 6e-06
2756 6e-06
1942 6e-06
2620 6e-06
1240 6e-06
3645 6e-06
1418 6e-06
1737 6e-06
1441 6e-06
2815 6e-06
2074 6e-06
2057 6e-06
2737 6e-06
2897 6e-06
231 6e-06
833 6e-06
619 6e-06
2370 6e-06
62 6e-06
1564 6e-06
1445 6e-06
3138 6e-06
1306 6e-06
1195 6e-06
1738 6e-06
3337 6e-06
3142 6e-06
185 6e-06
3065 6e-06
1889 6e-06
3714 6e-06
2020 6e-06
2022 6e-06
3642 6e-06
2216 6e-06
3546 6e-06
2648 6e-06
2549 6e-06
1 6e-06
2075 6e-06
1927 6e-06
3166 6e-06
2556 6e-06
3316 6e-06
1655 6e-06
3364 6e-06
2889 6e-06
3294 5e-06
425 5e-06
2308 5e-06
679 5e-06
204 5e-06
1734 5e-06
1935 5e-06
2202 5e-06
3208 5e-06
1541 5e-06
2061 5e-06
1649 5e-06
3242 5e-06
3535 5e-06
2108 5e-06
2843 5e-06
3009 5e-06
2405 5e-06
3236 5e-06
2531 5e-06
2576 5e-06
141 5e-06
3380 5e-06
3384 5e-06
975 5e-06
2006 5e-06
977 5e-06
3601 5e-06
636 5e-06
1260 5e-06
2859 5e-06
3823 5e-06
3157 5e-06
3043 5e-06
2760 5e-06
1929 5e-06
1355 5e-06
1542 5e-06
1877 5e-06
3193 5e-06
3164 5e-06
3285 5e-06
1422 5e-06
3554 5e-06
2681 5e-06
574 5e-06
1292 5e-06
2115 5e-06
2408 5e-06
3042 5e-06
811 5e-06
3648 5e-06
2485 5e-06
3343 5e-06
1641 5e-06
3881 5e-06
771 5e-06
2744 5e-06
3199 5e-06
1653 5e-06
1257 5e-06
130 5e-06
3374 5e-06
1508 5e-06
1225 5e-06
752 5e-06
1638 5e-06
1082 5e-06
754 5e-06
1552 5e-06
1587 5e-06
569 5e-06
418 5e-06
984 5e-06
817 5e-06
3110 5e-06
2614 5e-06
2393 5e-06
3108 5e-06
128 5e-06
2965 5e-06
3391 5e-06
983 5e-06
3828 5e-06
2851 5e-06
2789 5e-06
265 5e-06
3139 5e-06
3471 5e-06
3014 5e-06
2957 5e-06
2525 5e-06
2099 5e-06
1582 5e-06
3379 5e-06
161 5e-06
148 5e-06
1143 5e-06
2086 5e-06
3847 5e-06
1397 5e-06
1036 5e-06
1190 5e-06
3528 5e-06
3023 5e-06
3390 5e-06
764 5e-06
720 5e-06
3486 5e-06
3860 5e-06
2484 5e-06
2237 5e-06
3547 5e-06
2489 5e-06
959 5e-06
3470 5e-06
474 5e-06
2122 5e-06
3463 5e-06
1228 5e-06
1198 5e-06
2995 5e-06
2432 5e-06
3421 5e-06
3067 5e-06
952 5e-06
1398 5e-06
2286 5e-06
3123 5e-06
1434 5e-06
2539 5e-06
2612 5e-06
1841 5e-06
211 5e-06
822 4e-06
2277 4e-06
2159 4e-06
676 4e-06
2197 4e-06
2831 4e-06
3799 4e-06
1987 4e-06
2566 4e-06
3103 4e-06
2823 4e-06
3998 4e-06
2476 4e-06
5 4e-06
2809 4e-06
1501 4e-06
1138 4e-06
2835 4e-06
3459 4e-06
2426 4e-06
3430 4e-06
445 4e-06
1965 4e-06
3564 4e-06
1091 4e-06
2654 4e-06
1112 4e-06
3740 4e-06
3964 4e-06
2765 4e-06
94 4e-06
1299 4e-06
1695 4e-06
3706 4e-06
696 4e-06
2067 4e-06
2048 4e-06
248 4e-06
137 4e-06
1805 4e-06
1007 4e-06
1763 4e-06
663 4e-06
610 4e-06
2985 4e-06
768 4e-06
2209 4e-06
3809 4e-06
2626 4e-06
3135 4e-06
1167 4e-06
795 4e-06
3480 4e-06
331 4e-06
2657 4e-06
1180 4e-06
736 4e-06
2307 4e-06
1150 4e-06
3760 4e-06
2628 4e-06
3069 4e-06
132 4e-06
949 4e-06
2656 4e-06
2519 4e-06
1704 4e-06
3728 4e-06
3915 4e-06
1351 4e-06
1241 4e-06
3780 4e-06
2847 4e-06
1997 4e-06
1944 4e-06
1903 4e-06
2212 4e-06
3643 4e-06
971 4e-06
2453 4e-06
2357 4e-06
1387 4e-06
1201 4e-06
3858 4e-06
597 4e-06
2697 4e-06
2359 4e-06
1356 4e-06
3095 4e-06
2181 4e-06
2523 4e-06
2791 4e-06
738 4e-06
519 4e-06
1633 4e-06
354 4e-06
2708 4e-06
3050 4e-06
814 4e-06
3786 4e-06
1340 4e-06
3635 4e-06
214 4e-06
413 4e-06
2673 4e-06
792 4e-06
3105 4e-06
2297 4e-06
2684 4e-06
2727 4e-06
3949 4e-06
2820 4e-06
1457 4e-06
1188 4e-06
3667 4e-06
939 4e-06
72 4e-06
440 4e-06
3474 4e-06
2467 4e-06
133 4e-06
3024 4e-06
2941 4e-06
806 4e-06
3852 4e-06
3048 4e-06
3532 4e-06
3405 4e-06
2164 4e-06
919 4e-06
3300 4e-06
2055 4e-06
2587 4e-06
1733 4e-06
2577 4e-06
13 4e-06
1108 4e-06
931 4e-06
1266 3e-06
1615 3e-06
3292 3e-06
3538 3e-06
3359 3e-06
1870 3e-06
1696 3e-06
3621 3e-06
900 3e-06
3432 3e-06
3867 3e-06
3602 3e-06
3238 3e-06
3895 3e-06
3228 3e-06
3967 3e-06
1990 3e-06
2830 3e-06
3 3e-06
1213 3e-06
410 3e-06
2109 3e-06
2114 3e-06
2261 3e-06
257 3e-06
1072 3e-06
1968 3e-06
450 3e-06
793 3e-06
907 3e-06
2997 3e-06
1635 3e-06
2455 3e-06
3286 3e-06
3510 3e-06
2829 3e-06
1452 3e-06
2709 3e-06
3759 3e-06
3707 3e-06
2761 3e-06
1000 3e-06
1285 3e-06
1308 3e-06
1900 3e-06
3549 3e-06
2797 3e-06
1832 3e-06
2534 3e-06
1503 3e-06
3982 3e-06
3254 3e-06
3170 3e-06
227 3e-06
2110 3e-06
3021 3e-06
3483 3e-06
2552 3e-06
845 3e-06
2574 3e-06
3563 3e-06
2192 3e-06
777 3e-06
1829 3e-06
3484 3e-06
1907 3e-06
3679 3e-06
2981 3e-06
57 3e-06
1411 3e-06
299 3e-06
1914 3e-06
3189 3e-06
111 3e-06
303 3e-06
230 3e-06
2082 3e-06
238 3e-06
2954 3e-06
3490 3e-06
2469 3e-06
976 3e-06
2731 3e-06
1202 3e-06
3718 3e-06
763 3e-06
989 3e-06
2688 3e-06
2563 3e-06
1981 3e-06
839 3e-06
2983 3e-06
532 3e-06
1952 3e-06
3539 3e-06
3524 3e-06
3536 3e-06
920 3e-06
4014 3e-06
3752 3e-06
362 3e-06
1287 3e-06
3497 3e-06
1989 3e-06
1931 3e-06
3866 3e-06
3040 3e-06
2846 3e-06
2193 3e-06
2726 3e-06
1139 3e-06
1728 3e-06
748 3e-06
1747 3e-06
3518 3e-06
3357 3e-06
3896 3e-06
1749 3e-06
3855 3e-06
3165 3e-06
3491 3e-06
1606 3e-06
2179 3e-06
3249 3e-06
29 3e-06
2077 3e-06
84 3e-06
1053 3e-06
682 3e-06
3402 3e-06
2562 3e-06
3624 3e-06
3210 3e-06
178 3e-06
3566 3e-06
437 3e-06
1045 3e-06
30 3e-06
835 3e-06
3312 3e-06
2234 3e-06
3500 3e-06
3753 3e-06
3318 3e-06
3392 3e-06
2098 3e-06
3151 3e-06
1055 3e-06
2238 3e-06
3557 3e-06
1723 3e-06
3061 3e-06
871 3e-06
3032 3e-06
1855 3e-06
2948 3e-06
2011 3e-06
2346 3e-06
232 3e-06
1216 3e-06
3775 3e-06
3325 3e-06
3670 3e-06
1953 3e-06
742 3e-06
2907 3e-06
3093 3e-06
2733 3e-06
847 3e-06
1315 3e-06
3687 3e-06
712 3e-06
2967 3e-06
2249 3e-06
3167 3e-06
1097 3e-06
403 3e-06
1400 3e-06
3482 3e-06
3047 3e-06
184 3e-06
2641 3e-06
2477 3e-06
755 3e-06
426 3e-06
1698 3e-06
850 3e-06
760 3e-06
1957 2e-06
2627 2e-06
1382 2e-06
940 2e-06
3028 2e-06
2486 2e-06
2390 2e-06
1073 2e-06
3485 2e-06
701 2e-06
3850 2e-06
3399 2e-06
1379 2e-06
1562 2e-06
2316 2e-06
343 2e-06
1484 2e-06
310 2e-06
3533 2e-06
3763 2e-06
2427 2e-06
926 2e-06
3512 2e-06
3626 2e-06
799 2e-06
3710 2e-06
3969 2e-06
647 2e-06
1963 2e-06
3583 2e-06
1481 2e-06
116 2e-06
2882 2e-06
143 2e-06
159 2e-06
3013 2e-06
3697 2e-06
2076 2e-06
1103 2e-06
3066 2e-06
3244 2e-06
1815 2e-06
1325 2e-06
2717 2e-06
2036 2e-06
2291 2e-06
914 2e-06
903 2e-06
3784 2e-06
2213 2e-06
2953 2e-06
1676 2e-06
1058 2e-06
2119 2e-06
1023 2e-06
223 2e-06
2987 2e-06
2415 2e-06
2918 2e-06
981 2e-06
898 2e-06
3776 2e-06
1599 2e-06
2418 2e-06
3309 2e-06
3246 2e-06
2217 2e-06
3903 2e-06
3155 2e-06
732 2e-06
1801 2e-06
789 2e-06
3937 2e-06
1030 2e-06
3730 2e-06
2639 2e-06
1033 2e-06
1433 2e-06
1739 2e-06
3698 2e-06
3109 2e-06
2353 2e-06
3944 2e-06
568 2e-06
2407 2e-06
2535 2e-06
2554 2e-06
2046 2e-06
3767 2e-06
1999 2e-06
2532 2e-06
909 2e-06
326 2e-06
1244 2e-06
3979 2e-06
2633 2e-06
987 2e-06
2311 2e-06
1524 2e-06
3153 2e-06
3761 2e-06
1043 2e-06
121 2e-06
1896 2e-06
2876 2e-06
3770 2e-06
3880 2e-06
1279 2e-06
1461 2e-06
807 2e-06
3015 2e-06
1336 2e-06
2089 2e-06
714 2e-06
758 2e-06
314 2e-06
2933 2e-06
1499 2e-06
3515 2e-06
3569 2e-06
2878 2e-06
988 2e-06
741 2e-06
2162 2e-06
1701 2e-06
1906 2e-06
2723 2e-06
3683 2e-06
3636 2e-06
3102 2e-06
3659 2e-06
3960 2e-06
1934 2e-06
2303 2e-06
2585 2e-06
3792 2e-06
1232 2e-06
196 2e-06
498 2e-06
3726 2e-06
2710 2e-06
838 2e-06
2000 2e-06
1286 2e-06
1152 2e-06
2850 2e-06
3664 2e-06
3616 2e-06
1700 2e-06
2977 2e-06
1798 2e-06
3802 2e-06
3785 2e-06
39 2e-06
943 2e-06
3957 2e-06
1710 2e-06
1293 2e-06
3503 2e-06
1848 2e-06
1556 2e-06
3190 2e-06
2403 2e-06
3720 2e-06
490 2e-06
297 2e-06
488 2e-06
3929 2e-06
2579 2e-06
2682 2e-06
685 2e-06
3458 2e-06
1365 2e-06
2685 2e-06
2658 2e-06
831 2e-06
180 2e-06
258 2e-06
3068 2e-06
2893 2e-06
345 2e-06
3578 2e-06
2034 2e-06
625 2e-06
1144 2e-06
2310 2e-06
3862 2e-06
2306 2e-06
1118 2e-06
1342 2e-06
2572 2e-06
540 2e-06
495 2e-06
3671 2e-06
4004 2e-06
2766 2e-06
2373 2e-06
3543 2e-06
1572 2e-06
1389 2e-06
1629 2e-06
1015 2e-06
3835 2e-06
2490 2e-06
2360 2e-06
2208 2e-06
1922 2e-06
969 2e-06
3608 2e-06
3088 2e-06
2421 2e-06
3349 2e-06
144 2e-06
1310 2e-06
1792 2e-06
912 2e-06
1316 2e-06
836 2e-06
1154 2e-06
3192 2e-06
2314 2e-06
3476 2e-06
212 2e-06
2248 2e-06
2961 2e-06
992 2e-06
260 2e-06
2705 2e-06
3914 2e-06
3634 2e-06
99 2e-06
3509 2e-06
3713 2e-06
2805 2e-06
1140 2e-06
2041 2e-06
1532 2e-06
3209 2e-06
923 2e-06
2456 2e-06
470 2e-06
2170 2e-06
101 2e-06
2837 2e-06
2821 2e-06
1550 2e-06
3796 2e-06
96 2e-06
2970 2e-06
3941 2e-06
3156 2e-06
1094 2e-06
2591 2e-06
352 2e-06
3888 2e-06
1081 2e-06
3358 2e-06
631 2e-06
1090 2e-06
1958 2e-06
901 2e-06
3462 1e-06
3269 1e-06
2771 1e-06
889 1e-06
813 1e-06
2747 1e-06
3623 1e-06
38 1e-06
375 1e-06
2097 1e-06
2903 1e-06
711 1e-06
59 1e-06
3845 1e-06
1087 1e-06
3774 1e-06
2942 1e-06
1873 1e-06
274 1e-06
3817 1e-06
3517 1e-06
655 1e-06
1089 1e-06
2769 1e-06
2515 1e-06
521 1e-06
3200 1e-06
3504 1e-06
3656 1e-06
779 1e-06
302 1e-06
284 1e-06
2891 1e-06
1625 1e-06
1654 1e-06
1814 1e-06
2136 1e-06
3701 1e-06
4017 1e-06
3762 1e-06
65 1e-06
3530 1e-06
1364 1e-06
783 1e-06
92 1e-06
3551 1e-06
3620 1e-06
1880 1e-06
2044 1e-06
3229 1e-06
622 1e-06
20 1e-06
3571 1e-06
1248 1e-06
2349 1e-06
22 1e-06
536 1e-06
3771 1e-06
1822 1e-06
3703 1e-06
2096 1e-06
3958 1e-06
1956 1e-06
731 1e-06
3901 1e-06
3045 1e-06
3994 1e-06
3163 1e-06
2790 1e-06
938 1e-06
684 1e-06
3818 1e-06
2321 1e-06
902 1e-06
716 1e-06
3832 1e-06
3600 1e-06
2017 1e-06
1930 1e-06
2935 1e-06
3995 1e-06
1042 1e-06
1134 1e-06
127 1e-06
3898 1e-06
4021 1e-06
3725 1e-06
3743 1e-06
4038 1e-06
3638 1e-06
134 1e-06
1218 1e-06
1174 1e-06
477 1e-06
565 1e-06
3519 1e-06
2888 1e-06
1401 1e-06
1141 1e-06
3527 1e-06
2383 1e-06
1151 1e-06
3130 1e-06
3356 1e-06
1478 1e-06
4000 1e-06
722 1e-06
1517 1e-06
623 1e-06
2670 1e-06
3904 1e-06
778 1e-06
73 1e-06
730 1e-06
2861 1e-06
2895 1e-06
1137 1e-06
222 1e-06
3507 1e-06
1333 1e-06
1116 1e-06
765 1e-06
2804 1e-06
837 1e-06
2454 1e-06
1468 1e-06
2258 1e-06
2450 1e-06
2262 1e-06
4027 1e-06
281 1e-06
1601 1e-06
885 1e-06
3241 1e-06
1234 1e-06
1773 1e-06
3520 1e-06
442 1e-06
1050 1e-06
4020 1e-06
3522 1e-06
14 1e-06
1840 1e-06
2770 1e-06
2545 1e-06
3194 1e-06
2402 1e-06
3478 1e-06
737 1e-06
2274 1e-06
2251 1e-06
197 1e-06
1115 1e-06
3425 1e-06
478 1e-06
1378 1e-06
1764 1e-06
3548 1e-06
707 1e-06
100 1e-06
2301 1e-06
3141 1e-06
3493 1e-06
3658 1e-06
2255 1e-06
3418 1e-06
740 1e-06
50 1e-06
3614 1e-06
3682 1e-06
3878 1e-06
85 1e-06
2186 1e-06
950 1e-06
3789 1e-06
709 1e-06
123 1e-06
1890 1e-06
1961 1e-06
3859 1e-06
809 1e-06
970 1e-06
1928 1e-06
3591 1e-06
4002 1e-06
3916 1e-06
2019 1e-06
1093 1e-06
3243 1e-06
3133 1e-06
2105 1e-06
3627 1e-06
243 1e-06
3837 1e-06
904 1e-06
276 1e-06
2479 1e-06
2779 1e-06
3772 1e-06
3660 1e-06
2130 1e-06
1438 1e-06
612 1e-06
2947 1e-06
2678 1e-06
657 1e-06
3736 1e-06
2652 1e-06
1263 1e-06
956 1e-06
1915 1e-06
733 1e-06
3251 1e-06
626 1e-06
3868 1e-06
1784 1e-06
2265 1e-06
166 1e-06
2926 1e-06
194 1e-06
1708 1e-06
3622 1e-06
3099 1e-06
2834 1e-06
3452 1e-06
3618 1e-06
996 1e-06
786 1e-06
344 1e-06
2025 1e-06
551 1e-06
2794 1e-06
295 1e-06
17 1e-06
3388 1e-06
2141 1e-06
105 1e-06
187 1e-06
3574 1e-06
2070 1e-06
664 1e-06
759 1e-06
2400 1e-06
3894 1e-06
1869 1e-06
3812 1e-06
3769 1e-06
1044 1e-06
2435 1e-06
3908 1e-06
2522 1e-06
4026 1e-06
1476 1e-06
317 1e-06
3646 1e-06
251 1e-06
3428 1e-06
3039 1e-06
1203 1e-06
2990 1e-06
1933 1e-06
3161 1e-06
2701 1e-06
3262 1e-06
424 1e-06
3972 1e-06
28 1e-06
2362 1e-06
2424 1e-06
3159 1e-06
3644 1e-06
2650 1e-06
3492 1e-06
605 1e-06
2513 1e-06
935 1e-06
929 1e-06
2687 1e-06
3986 1e-06
3197 1e-06
192 1e-06
3863 1e-06
149 1e-06
583 1e-06
106 1e-06
3652 1e-06
54 1e-06
1489 1e-06
1039 1e-06
3216 1e-06
3580 1e-06
108 1e-06
2439 1e-06
3887 1e-06
633 1e-06
693 1e-06
3414 1e-06
615 1e-06
2811 1e-06
3777 1e-06
3473 1e-06
165 1e-06
533 1e-06
3632 1e-06
2524 1e-06
1884 1e-06
588 1e-06
2884 1e-06
319 1e-06
89 1e-06
1756 1e-06
3446 1e-06
1254 1e-06
3754 1e-06
3940 1e-06
603 1e-06
502 1e-06
176 1e-06
746 1e-06
2606 1e-06
794 1e-06
2816 1e-06
816 1e-06
2080 1e-06
3439 1e-06
168 1e-06
843 1e-06
3587 1e-06
177 1e-06
998 1e-06
3997 1e-06
600 1e-06
643 1e-06
661 1e-06
3290 1e-06
226 1e-06
2634 1e-06
453 1e-06
3694 1e-06
1664 1e-06
3976 1e-06
3441 1e-06
3663 1e-06
1381 1e-06
2651 1e-06
45 1e-06
3315 1e-06
3250 1e-06
3450 1e-06
965 1e-06
2886 1e-06
2959 1e-06
1602 1e-06
1162 1e-06
2703 1e-06
2166 1e-06
826 1e-06
3227 1e-06
691 1e-06
2802 1e-06
3531 1e-06
681 1e-06
3544 1e-06
3678 1e-06
587 1e-06
330 1e-06
229 1e-06
2008 1e-06
1463 1e-06
2466 1e-06
486 1e-06
3654 1e-06
8 1e-06
259 1e-06
91 1e-06
3641 1e-06
2051 1e-06
2227 1e-06
1974 1e-06
1084 1e-06
1164 1e-06
1220 1e-06
3696 1e-06
318 1e-06
3685 1e-06
3893 1e-06
3083 1e-06
3477 1e-06
522 1e-06
3905 1e-06
3778 1e-06
767 1e-06
3012 1e-06
77 1e-06
2972 1e-06
3757 1e-06
662 1e-06
75 1e-06
3727 1e-06
3988 1e-06
1249 1e-06
3724 0.0
1592 0.0
311 0.0
4009 0.0
219 0.0
2487 0.0
2281 0.0
2584 0.0
3585 0.0
3917 0.0
974 0.0
1057 0.0
796 0.0
1168 0.0
3934 0.0
1771 0.0
3970 0.0
2452 0.0
529 0.0
2113 0.0
3607 0.0
870 0.0
3843 0.0
671 0.0
1777 0.0
3314 0.0
611 0.0
593 0.0
2320 0.0
3739 0.0
2908 0.0
3472 0.0
846 0.0
278 0.0
578 0.0
659 0.0
658 0.0
627 0.0
2050 0.0
3631 0.0
955 0.0
1368 0.0
117 0.0
599 0.0
1838 0.0
723 0.0
4019 0.0
2388 0.0
3827 0.0
3913 0.0
1821 0.0
3502 0.0
364 0.0
1147 0.0
1038 0.0
1607 0.0
1949 0.0
3805 0.0
675 0.0
650 0.0
1992 0.0
16 0.0
2917 0.0
3920 0.0
3745 0.0
3092 0.0
3773 0.0
2175 0.0
69 0.0
821 0.0
632 0.0
1354 0.0
3217 0.0
986 0.0
1133 0.0
1295 0.0
1797 0.0
2609 0.0
1713 0.0
245 0.0
193 0.0
3673 0.0
275 0.0
3271 0.0
190 0.0
757 0.0
1711 0.0
152 0.0
4 0.0
1417 0.0
49 0.0
181 0.0
3128 0.0
266 0.0
1748 0.0
710 0.0
55 0.0
1363 0.0
2801 0.0
1061 0.0
1301 0.0
3498 0.0
3235 0.0
1568 0.0
3371 0.0
3461 0.0
509 0.0
2514 0.0
3447 0.0
1978 0.0
2312 0.0
1069 0.0
126 0.0
756 0.0
1319 0.0
3283 0.0
2205 0.0
3323 0.0
598 0.0
3637 0.0
3044 0.0
124 0.0
206 0.0
3890 0.0
1063 0.0
972 0.0
337 0.0
2971 0.0
762 0.0
2503 0.0
3053 0.0
3333 0.0
640 0.0
3661 0.0
3819 0.0
1648 0.0
382 0.0
751 0.0
3996 0.0
890 0.0
1874 0.0
844 0.0
863 0.0
876 0.0
881 0.0
290 0.0
68 0.0
225 0.0
341 0.0
491 0.0
1788 0.0
3423 0.0
867 0.0
3202 0.0
1251 0.0
3657 0.0
1493 0.0
3598 0.0
2015 0.0
24 0.0
864 0.0
3675 0.0
283 0.0
254 0.0
3655 0.0
390 0.0
3063 0.0
385 0.0
958 0.0
2305 0.0
3382 0.0
2066 0.0
879 0.0
429 0.0
307 0.0
3999 0.0
3665 0.0
406 0.0
3978 0.0
1194 0.0
3121 0.0
2527 0.0
1264 0.0
3427 0.0
3338 0.0
2270 0.0
670 0.0
3305 0.0
3457 0.0
1950 0.0
3923 0.0
2263 0.0
3912 0.0
3603 0.0
861 0.0
3436 0.0
704 0.0
3806 0.0
2358 0.0
985 0.0
3595 0.0
2776 0.0
338 0.0
1443 0.0
3814 0.0
2444 0.0
2613 0.0
3494 0.0
3839 0.0
1977 0.0
3882 0.0
893 0.0
665 0.0
300 0.0
3735 0.0
4013 0.0
3537 0.0
2016 0.0
878 0.0
1031 0.0
812 0.0
3567 0.0
2746 0.0
2021 0.0
1853 0.0
895 0.0
3963 0.0
3985 0.0
866 0.0
66 0.0
3112 0.0
93 0.0
3513 0.0
83 0.0
1297 0.0
237 0.0
51 0.0
140 0.0
1731 0.0
333 0.0
2879 0.0
505 0.0
702 0.0
2158 0.0
1200 0.0
937 0.0
3874 0.0
3479 0.0
3562 0.0
3883 0.0
3613 0.0
3695 0.0
3649 0.0
689 0.0
3630 0.0
869 0.0
1442 0.0
2437 0.0
3619 0.0
3742 0.0
1498 0.0
575 0.0
2900 0.0
2528 0.0
2012 0.0
979 0.0
3840 0.0
3681 0.0
761 0.0
2695 0.0
3552 0.0
2 0.0
60 0.0
1005 0.0
3481 0.0
3523 0.0
1640 0.0
577 0.0
347 0.0
3308 0.0
3647 0.0
3389 0.0
3815 0.0
3892 0.0
4037 0.0
3787 0.0
1157 0.0
1239 0.0
3932 0.0
791 0.0
3465 0.0
3579 0.0
3030 0.0
3834 0.0
2014 0.0
3334 0.0
340 0.0
882 0.0
788 0.0
721 0.0
3889 0.0
3993 0.0
3755 0.0
2182 0.0
3712 0.0
1759 0.0
1693 0.0
247 0.0
2714 0.0
2178 0.0
1937 0.0
356 0.0
61 0.0
383 0.0
301 0.0
386 0.0
3816 0.0
3801 0.0
1760 0.0
240 0.0
179 0.0
2952 0.0
2975 0.0
411 0.0
95 0.0
1353 0.0
81 0.0
3751 0.0
1887 0.0
2177 0.0
3281 0.0
162 0.0
3788 0.0
700 0.0
3008 0.0
3715 0.0
371 0.0
3058 0.0
621 0.0
3398 0.0
3981 0.0
3368 0.0
3606 0.0
2699 0.0
880 0.0
725 0.0
3516 0.0
3541 0.0
562 0.0
10 0.0
3977 0.0
2094 0.0
832 0.0
221 0.0
2982 0.0
690 0.0
2013 0.0
2898 0.0
808 0.0
3370 0.0
129 0.0
530 0.0
167 0.0
1186 0.0
706 0.0
1802 0.0
3973 0.0
2496 0.0
3795 0.0
2245 0.0
253 0.0
501 0.0
1105 0.0
155 0.0
3954 0.0
552 0.0
1002 0.0
157 0.0
384 0.0
270 0.0
2548 0.0
399 0.0
182 0.0
174 0.0
97 0.0
441 0.0
2998 0.0
2106 0.0
790 0.0
235 0.0
1865 0.0
3975 0.0
3708 0.0
381 0.0
3367 0.0
1905 0.0
298 0.0
2852 0.0
2256 0.0
268 0.0
2568 0.0
151 0.0
2493 0.0
628 0.0
2963 0.0
2632 0.0
3588 0.0
294 0.0
3310 0.0
1510 0.0
3953 0.0
3444 0.0
884 0.0
2422 0.0
3429 0.0
27 0.0
3375 0.0
3849 0.0
582 0.0
4018 0.0
3352 0.0
3122 0.0
3354 0.0
3218 0.0
380 0.0
2580 0.0
36 0.0
928 0.0
2599 0.0
715 0.0
1439 0.0
365 0.0
3094 0.0
466 0.0
1924 0.0
894 0.0
2621 0.0
3127 0.0
2565 0.0
2774 0.0
3055 0.0
147 0.0
3270 0.0
6 0.0
3925 0.0
1996 0.0
3848 0.0
3749 0.0
3074 0.0
672 0.0
1490 0.0
3783 0.0
250 0.0
1506 0.0
79 0.0
3857 0.0
263 0.0
3991 0.0
3143 0.0
296 0.0
1474 0.0
874 0.0
4011 0.0
872 0.0
3952 0.0
3311 0.0
735 0.0
3594 0.0
3581 0.0
208 0.0
2692 0.0
3181 0.0
3180 0.0
2930 0.0
3322 0.0
3781 0.0
3946 0.0
289 0.0
2481 0.0
2732 0.0
164 0.0
3126 0.0
3131 0.0
3266 0.0
1022 0.0
3424 0.0
349 0.0
1111 0.0
886 0.0
2799 0.0
1631 0.0
3936 0.0
139 0.0
3766 0.0
576 0.0
3865 0.0
2252 0.0
595 0.0
3876 0.0
2230 0.0
2798 0.0
1892 0.0
3666 0.0
1579 0.0
3668 0.0
3871 0.0
2899 0.0
3919 0.0
3639 0.0
3175 0.0
3928 0.0
288 0.0
1414 0.0
1775 0.0
2442 0.0
572 0.0
1252 0.0
571 0.0
63 0.0
1253 0.0
264 0.0
3897 0.0
1262 0.0
377 0.0
1016 0.0
3910 0.0
3899 0.0
3091 0.0
2824 0.0
3911 0.0
74 0.0
3844 0.0
3846 0.0
112 0.0
3071 0.0
467 0.0
3853 0.0
3854 0.0
3856 0.0
468 0.0
1586 0.0
12 0.0
195 0.0
267 0.0
3864 0.0
945 0.0
220 0.0
586 0.0
585 0.0
11 0.0
2817 0.0
379 0.0
3875 0.0
2740 0.0
3879 0.0
3282 0.0
1276 0.0
581 0.0
3885 0.0
2441 0.0
1755 0.0
3268 0.0
1270 0.0
52 0.0
2736 0.0
2885 0.0
4007 0.0
4006 0.0
4005 0.0
215 0.0
4003 0.0
1657 0.0
4001 0.0
2855 0.0
210 0.0
2704 0.0
2857 0.0
1651 0.0
1145 0.0
3992 0.0
3990 0.0
3125 0.0
1206 0.0
3987 0.0
2860 0.0
1208 0.0
3984 0.0
3983 0.0
499 0.0
2842 0.0
2721 0.0
4036 0.0
4035 0.0
4034 0.0
4033 0.0
4032 0.0
4029 0.0
4028 0.0
1176 0.0
1690 0.0
4025 0.0
4024 0.0
3147 0.0
4022 0.0
2838 0.0
216 0.0
4016 0.0
4015 0.0
2722 0.0
3134 0.0
4012 0.0
4010 0.0
4008 0.0
1969 0.0
3942 0.0
1071 0.0
1627 0.0
3939 0.0
1065 0.0
218 0.0
3935 0.0
485 0.0
2671 0.0
550 0.0
335 0.0
1046 0.0
70 0.0
3230 0.0
244 0.0
201 0.0
3922 0.0
476 0.0
1034 0.0
262 0.0
1027 0.0
131 0.0
1119 0.0
3183 0.0
71 0.0
3974 0.0
255 0.0
2382 0.0
209 0.0
2380 0.0
2375 0.0
358 0.0
3965 0.0
114 0.0
207 0.0
1096 0.0
2691 0.0
3959 0.0
1224 0.0
336 0.0
3955 0.0
205 0.0
256 0.0
1967 0.0
2431 0.0
1233 0.0
802 0.0
674 0.0
2595 0.0
801 0.0
3467 0.0
3676 0.0
1834 0.0
3031 0.0
1372 0.0
228 0.0
2505 0.0
3669 0.0
86 0.0
785 0.0
775 0.0
1486 0.0
3489 0.0
2767 0.0
292 0.0
1383 0.0
1386 0.0
1394 0.0
1395 0.0
3653 0.0
841 0.0
1854 0.0
1346 0.0
2100 0.0
3709 0.0
44 0.0
667 0.0
668 0.0
3704 0.0
43 0.0
316 0.0
3700 0.0
3699 0.0
3445 0.0
1362 0.0
3451 0.0
3453 0.0
42 0.0
3691 0.0
3689 0.0
3688 0.0
3686 0.0
3037 0.0
673 0.0
2596 0.0
305 0.0
233 0.0
1430 0.0
2980 0.0
33 0.0
90 0.0
154 0.0
3560 0.0
32 0.0
2541 0.0
234 0.0
3565 0.0
2219 0.0
2195 0.0
1455 0.0
3570 0.0
3572 0.0
3597 0.0
3575 0.0
2788 0.0
717 0.0
3589 0.0
3582 0.0
2204 0.0
1776 0.0
3650 0.0
2569 0.0
1403 0.0
2167 0.0
293 0.0
692 0.0
309 0.0
443 0.0
3006 0.0
699 0.0
2168 0.0
37 0.0
750 0.0
749 0.0
2517 0.0
160 0.0
744 0.0
743 0.0
3003 0.0
1466 0.0
153 0.0
306 0.0
2792 0.0
35 0.0
2457 0.0
3808 0.0
3807 0.0
888 0.0
1560 0.0
624 0.0
110 0.0
887 0.0
1558 0.0
3798 0.0
15 0.0
273 0.0
1326 0.0
78 0.0
135 0.0
883 0.0
1762 0.0
877 0.0
3372 0.0
875 0.0
138 0.0
3376 0.0
638 0.0
873 0.0
76 0.0
3317 0.0
328 0.0
191 0.0
918 0.0
602 0.0
2902 0.0
1581 0.0
607 0.0
911 0.0
608 0.0
454 0.0
910 0.0
241 0.0
613 0.0
393 0.0
3820 0.0
3336 0.0
2814 0.0
899 0.0
327 0.0
892 0.0
3813 0.0
891 0.0
3811 0.0
855 0.0
3744 0.0
286 0.0
854 0.0
18 0.0
447 0.0
321 0.0
652 0.0
2483 0.0
3407 0.0
656 0.0
3733 0.0
3732 0.0
287 0.0
145 0.0
3729 0.0
3408 0.0
852 0.0
851 0.0
183 0.0
3413 0.0
660 0.0
1856 0.0
3717 0.0
3716 0.0
1546 0.0
2922 0.0
2470 0.0
279 0.0
868 0.0
2808 0.0
642 0.0
47 0.0
3765 0.0
282 0.0
102 0.0
3059 0.0
448 0.0
2269 0.0
648 0.0
865 0.0
2079 0.0
859 0.0
1521 0.0
858 0.0
46 0.0
3401 0.0
3748 0.0
401 0.0
3746 0.0
